11 11
12 11
13 11
18 11
21 11
29 12
39 12
55 17
72 22
82 25
99 27
117 30
131 30
144 32
152 34
158 34
161 35
164 35
167 35
168 37
174 39
182 43
188 45
195 48
197 50
198 51
198 52
198 53
198 58
198 65
193 73
188 81
187 84
183 90
179 96
175 102
171 104
165 109
162 112
158 115
154 118
151 119
149 120
147 120
146 121
146 122
144 122
142 124
138 126
131 129
122 136
114 140
102 142
94 146
91 146
89 146
86 147
86 148
83 149
77 151
74 153
70 156
69 156
68 156
70 158
73 159
79 161
87 166
98 170
109 172
126 175
147 177
163 182
173 182
177 182
178 182
179 182
